==========================================
EXP: 0
5.221446514129639
4.551092147827148
3.934998035430908
3.1022276878356934
2.8796284198760986
1.8123788833618164
2.055175304412842
1.7420847415924072
1.4156215190887451
1.4033629894256592
1.5530225038528442
1.2019565105438232
1.598354458808899
1.872086763381958
1.521165132522583
1.373672366142273
1.2012507915496826
1.31880784034729
1.3111448287963867
1.1179792881011963
1.2373220920562744
1.0965653657913208
1.0084551572799683
1.892269492149353
1.368006944656372
1.1630432605743408
1.8750851154327393
1.4284703731536865
1.2422858476638794
1.497657060623169
1.2781145572662354
1.3430230617523193
1.1175012588500977
1.3304178714752197
1.3073348999023438
1.4011852741241455
1.3747152090072632
1.3294165134429932
1.335935115814209
1.111189365386963
1.3667186498641968
1.7889213562011719
1.4098234176635742
1.4939353466033936
1.2361831665039062
1.1633180379867554
1.4964392185211182
1.1784675121307373
1.4676742553710938
1.3747913837432861
2.719282627105713
1.469375491142273
1.4917001724243164
1.0919383764266968
1.6087369918823242
1.1147814989089966
1.3394100666046143
1.3610228300094604
1.281785011291504
1.288878321647644
1.1434582471847534
1.1842312812805176
1.2037403583526611
2.379027843475342
1.2171905040740967
1.2920691967010498
1.2044979333877563
1.2648206949234009
1.1831709146499634
1.2103468179702759
1.1498907804489136
1.310207486152649
1.0895951986312866
1.0991833209991455
1.1059229373931885
0.9373853802680969
1.4043917655944824
1.1933810710906982
1.0095781087875366
0.9638023376464844
1.2592473030090332
1.405951976776123
1.0836057662963867
1.1994421482086182
1.4559929370880127
1.014244794845581
1.3221943378448486
1.1220725774765015
1.1086795330047607
2.5576703548431396
1.0789885520935059
1.2036722898483276
1.3540771007537842
1.4297288656234741
1.3479716777801514
1.3649476766586304
1.1607978343963623
1.2762900590896606
1.683276891708374
1.1518666744232178
1.238769292831421
1.046729326248169
1.3728492259979248
1.2016892433166504
0.8933898210525513
2.232215166091919
1.4380539655685425
1.4605504274368286
1.4938899278640747
1.4085190296173096
1.2368074655532837
1.41244375705719
1.3371107578277588
1.1166255474090576
1.930882453918457
1.325883150100708
1.1496981382369995
1.2788116931915283
1.171920895576477
1.3786983489990234
1.3525292873382568
1.4777467250823975
1.3061821460723877
1.2402548789978027
0.9855302572250366
==========================================
EXP: 1
7.201395511627197
5.590193271636963
4.720475673675537
6.00357723236084
5.624571800231934
3.851484775543213
3.362157106399536
3.358142137527466
3.377683639526367
3.6539664268493652
3.8482272624969482
3.5723061561584473
3.1871705055236816
3.1943585872650146
4.5222625732421875
2.908811092376709
3.0372092723846436
2.617142915725708
2.8379416465759277
3.131776809692383
2.738521099090576
2.5174074172973633
2.3258984088897705
2.2718682289123535
2.464573383331299
2.2661991119384766
2.1814892292022705
2.532043933868408
2.011704444885254
2.0690205097198486
2.2300872802734375
2.124499797821045
2.0980260372161865
1.9964103698730469
2.172942638397217
2.158351421356201
1.8816416263580322
1.9291207790374756
1.8408520221710205
1.9757741689682007
1.9337133169174194
1.94521963596344
1.8976789712905884
1.6707769632339478
2.1221330165863037
1.9103533029556274
1.744633674621582
1.7073853015899658
1.4675781726837158
1.9992036819458008
1.8281370401382446
1.6473102569580078
1.6741482019424438
1.8566844463348389
1.8657653331756592
1.8167940378189087
1.6367660760879517
1.491544485092163
1.5292723178863525
1.9009418487548828
1.637341856956482
1.8171651363372803
1.523329496383667
1.6030988693237305
1.843732237815857
1.7887487411499023
1.572332739830017
1.4585344791412354
1.4139164686203003
1.6024415493011475
1.365626573562622
1.4151722192764282
1.2729549407958984
1.488951563835144
1.7137248516082764
1.4502685070037842
1.3097271919250488
1.4712226390838623
1.433368444442749
1.643036127090454
1.1611016988754272
1.2279223203659058
1.1721490621566772
1.4542622566223145
1.5312789678573608
1.278670310974121
1.374131202697754
1.211049199104309
1.577873945236206
1.6092498302459717
1.4482723474502563
1.3209983110427856
0.9142400026321411
1.3674265146255493
1.4158551692962646
1.4536241292953491
1.1188801527023315
1.2026431560516357
1.1071120500564575
1.6665376424789429
1.4192780256271362
1.5277035236358643
1.4725525379180908
1.3683736324310303
1.2517640590667725
0.9998573064804077
0.963192343711853
1.057175874710083
1.0668790340423584
1.2543145418167114
0.8927863836288452
1.165992259979248
0.8187029957771301
0.9074124097824097
1.1031416654586792
0.8266285061836243
1.2822277545928955
1.133926272392273
1.0393043756484985
1.4611648321151733
1.0597196817398071
1.110741376876831
0.8441399335861206
0.9048124551773071
0.8650649785995483
==========================================
EXP: 2
7.500288963317871
6.535470008850098
5.779892921447754
4.954402923583984
4.284409046173096
5.741061210632324
4.6197075843811035
4.659358024597168
3.8599700927734375
4.073613166809082
3.6726386547088623
3.5458106994628906
3.4672298431396484
3.2492263317108154
3.203158140182495
3.0668888092041016
2.9883971214294434
2.8413288593292236
3.0961530208587646
2.84173583984375
2.8043179512023926
2.567117214202881
2.5375723838806152
2.4636309146881104
2.435060977935791
2.744201898574829
2.959533452987671
2.870666265487671
2.6075599193573
2.6803317070007324
2.4033634662628174
2.4444711208343506
2.4271652698516846
2.3310186862945557
2.389772891998291
2.5886197090148926
2.4750630855560303
2.2684526443481445
2.286015033721924
2.4519360065460205
2.3702168464660645
2.151674747467041
2.104790210723877
2.056840658187866
2.0376083850860596
2.11350679397583
2.4830803871154785
2.2673158645629883
2.577890396118164
2.2981479167938232
2.153317928314209
2.0398147106170654
2.20432710647583
1.9833911657333374
2.1046597957611084
1.9181897640228271
1.9996922016143799
2.1240410804748535
2.107496976852417
2.0329785346984863
1.9496456384658813
1.898373007774353
1.7552289962768555
1.8764798641204834
1.9932219982147217
2.1569395065307617
1.86642587184906
2.1517348289489746
2.0363876819610596
2.322570562362671
2.0633041858673096
1.9896399974822998
1.8193778991699219
1.7572300434112549
2.037325382232666
1.8687092065811157
1.9073244333267212
2.0323503017425537
1.9540197849273682
1.8464975357055664
1.7186853885650635
1.8279922008514404
1.5676594972610474
1.859075903892517
1.6449487209320068
1.7876209020614624
1.6972631216049194
2.3249640464782715
1.921483039855957
1.724169373512268
1.5183740854263306
1.7009923458099365
1.7279390096664429
1.8428996801376343
1.5060064792633057
1.9964110851287842
1.8631668090820312
2.110975742340088
1.833444356918335
2.0282015800476074
1.6092774868011475
1.514909267425537
1.6920076608657837
1.6729004383087158
2.072819232940674
1.9131187200546265
1.8216701745986938
1.887147307395935
1.7862612009048462
1.7813622951507568
1.6951074600219727
1.7497984170913696
1.6219459772109985
1.6071964502334595
1.9252698421478271
1.5923354625701904
1.7028417587280273
1.9856059551239014
1.7791109085083008
1.74332594871521
1.8339614868164062
1.496986746788025
2.0240025520324707
1.8645117282867432
1.6373064517974854
